    dydt1 = 0. + 1.*yobs(5);
    dydt2 = 0. + 1.*yobs(6);
    dydt3 = 0. + 1.*yobs(7);
    dydt4 = yobs(8);
    dydt5 = 0. - 3638.7275*yobs(1) + 238.7275*yobs(2) + (0.8608957101079225*K11 - 0.00025*K12 + 35.455509149016116*K14 + 1.1558515814319275*K15 - 0.021223857291119298*K16)*yobs(2) + (47.800234227518814*K11 - 0.00025*K13 + 1913.4930528952211*K14 + 64.24518267273318*K15 - 1.17958159584876*K16)*yobs(3) - 2.425*yobs(5) - 0.00025*K11*yobs(11) - 0.00025*K14*yobs(12) - 0.00025*K15*yobs(13) - (K16*yobs(14))/4000. + 3400*y_ext + (97*yponto_ext)/40.;
    dydt6 = 0.6698911690843045 + 11.592244551327834*yobs(1) + (-11.592244551327834 + 0.0418037871831275*K11 - 0.000012139620017936595*K12 + 1.7216656344461203*K14 + 0.05612639598285879*K15 - 0.0010305982513164056*K16 - 0.0007634754275439303*K21 + 2.2170961551435205e-7*K22 - 0.031443309205175816*K24 - 0.0010250536388437136*K25 + 0.00001882213295898215*K26)*yobs(2) + (-0.002746553793245648 + 2.3211067211617813*K11 - 0.000012139620017936595*K13 + 92.91631427643773*K14 + 3.1196484225196195*K15 - 0.05727868941502081*K16 - 0.042391086208316664*K21 + 2.2170961551435205e-7*K23 - 1.6969592361871328*K24 - 0.05697509899608393*K25 + 0.0010460983283337377*K26 - 0.00002746553793245648*ul + 0.005018738669957259*(ul*ul) + 0.010037477339914518*ul*uv + 0.005018738669957259*(uv*uv))*yobs(3) + 1.2609423312630743*yobs(5) - 1.260942331263074*yobs(6) + (-0.000012139620017936595*K11 + 2.2170961551435205e-7*K21)*yobs(11) + (-0.000012139620017936595*K14 + 2.2170961551435205e-7*K24)*yobs(12) + (-0.000012139620017936595*K15 + 2.2170961551435205e-7*K25)*yobs(13) + (-0.000012139620017936595*K16 + 2.2170961551435205e-7*K26)*yobs(14);
    dydt7 = -0.19139747688122982 - 0.2117127289508099*yobs(1) + (0.2117127289508099 - 0.0007634754275439303*K11 + 2.2170961551435205e-7*K12 - 0.031443309205175816*K14 - 0.0010250536388437136*K15 + 0.00001882213295898215*K16 + 0.00021813583644112293*K21 - 6.334560443267201e-8*K22 + 0.008983802630050233*K24 + 0.000292872468241061*K25 - 5.377752273994899e-6*K26)*yobs(2) + (0.0007847296552130423 - 0.042391086208316664*K11 + 2.2170961551435205e-7*K13 - 1.6969592361871328*K14 - 0.05697509899608393*K15 + 0.0010460983283337377*K16 + 0.012111738916661905*K21 - 6.334560443267201e-8*K23 + 0.4848454960534665*K24 + 0.016278599713166836*K25 - 0.0002988852366667822*K26 + 7.847296552130423e-6*ul + 0.000043229937614868696*(ul*ul) + 0.0000864598752297374*ul*uv + 0.0000432299376148687*(uv*uv))*yobs(3) - 0.023028977763475747*yobs(5) + 0.023028977763475747*yobs(6) + (2.2170961551435205e-7*K11 - 6.334560443267201e-8*K21)*yobs(11) + (2.2170961551435205e-7*K14 - 6.334560443267201e-8*K24)*yobs(12) + (2.2170961551435205e-7*K15 - 6.334560443267201e-8*K25)*yobs(13) + (2.2170961551435205e-7*K16 - 6.334560443267201e-8*K26)*yobs(14);
    dydt8 = 0;
    dydt9 = yobs(10);
    dydt10 = (-((M+m)*g - CL*S*rho*((yobs(10)+uv)^2)/2)*(urol) - CD*S*rho*((yobs(10)+uv)^2)/2)/(M+m);
    dydt11 = 169180.8714156337*yobs(2) + 9.560018412184715e6*yobs(3) + 1.*yobs(12) + 3443.58284043169*yobs(13) + 191200.93691007525*yobs(14);
    dydt12 = 6.960771335563102e6*yobs(2) + (0.8608957101079225*K11 - 0.00025*K12 + 35.455509149016116*K14 + 1.1558515814319275*K15 - 0.021223857291119298*K16)*yobs(2) + 3.826974209152756e8*yobs(3) + (47.800234227518814*K11 - 0.00025*K13 + 1913.4930528952211*K14 + 64.24518267273318*K15 - 1.17958159584876*K16)*yobs(3) + (-3638.7275 - 0.00025*K11)*yobs(11) + (-2.425 - 0.00025*K14)*yobs(12) + (141822.03659606446 - 0.00025*K15)*yobs(13) + (7.653972211580885e6 - 0.00025*K16)*yobs(14);
    dydt13 = (227673.3588659011 + 0.0418037871831275*K11 - 0.000012139620017936595*K12 + 1.7216656344461203*K14 + 0.05612639598285879*K15 - 0.0010305982513164056*K16 - 0.0007634754275439303*K21 + 2.2170961551435205e-7*K22 - 0.031443309205175816*K24 - 0.0010250536388437136*K25 + 0.00001882213295898215*K26)*yobs(2) + (1.284899807247856e7 + 2.3211067211617813*K11 - 0.000012139620017936595*K13 + 92.91631427643773*K14 + 3.1196484225196195*K15 - 0.05727868941502081*K16 - 0.042391086208316664*K21 + 2.2170961551435205e-7*K23 - 1.6969592361871328*K24 - 0.05697509899608393*K25 + 0.0010460983283337377*K26 - 0.00002746553793245648*ul + 0.005018738669957259*(ul*ul) + 0.010037477339914518*ul*uv + 0.005018738669957259*(uv*uv))*yobs(3) + (11.592244551327834 - 0.000012139620017936595*K11 + 2.2170961551435205e-7*K21)*yobs(11) + (1.2609423312630743 - 0.000012139620017936595*K14 + 2.2170961551435205e-7*K24)*yobs(12) + (4622.145383396446 - 0.000012139620017936595*K15 + 2.2170961551435205e-7*K25)*yobs(13) + (256980.7306909327 - 0.000012139620017936595*K16 + 2.2170961551435205e-7*K26)*yobs(14);
    dydt14 = (-4169.47279306513 - 0.0007634754275439303*K11 + 2.2170961551435205e-7*K12 - 0.031443309205175816*K14 - 0.0010250536388437136*K15 + 0.00001882213295898215*K16 + 0.00021813583644112293*K21 - 6.334560443267201e-8*K22 + 0.008983802630050233*K24 + 0.000292872468241061*K25 - 5.377752273994899e-6*K26)*yobs(2) + (-235289.6159881083 - 0.042391086208316664*K11 + 2.2170961551435205e-7*K13 - 1.6969592361871328*K14 - 0.056975098996083925*K15 + 0.0010460983283337377*K16 + 0.012111738916661906*K21 - 6.334560443267201e-8*K23 + 0.4848454960534665*K24 + 0.016278599713166836*K25 - 0.0002988852366667822*K26 + 7.847296552130423e-6*ul + 0.000043229937614868696*(ul*ul) + 0.0000864598752297374*ul*uv + 0.0000432299376148687*(uv*uv))*yobs(3) + (-0.2117127289508099 + 2.2170961551435205e-7*K11 - 6.334560443267201e-8*K21)*yobs(11) + (-0.023028977763475747 + 2.2170961551435205e-7*K14 - 6.334560443267201e-8*K24)*yobs(12) + (-84.87240018671372 + 2.2170961551435205e-7*K15 - 6.334560443267201e-8*K25)*yobs(13) + (-4718.3263833950405 + 2.2170961551435205e-7*K16 - 6.334560443267201e-8*K26)*yobs(14);
