    K11 =        -217.09     ; 
    K12 =         -14029     ; 
    K13 =    -7.9099e+05     ; 
    K14 =         4.1818     ; 
    K15 =         -14288     ; 
    K16 =    -7.9253e+05     ; 
    K21 =         9255.3     ; 
    K22 =     5.9808e+05     ; 
    K23 =     3.3722e+07     ; 
    K24 =        -178.28     ; 
    K25 =     6.0912e+05     ; 
    K26 =     3.3788e+07     ; 